510 100 652 100 652 252 510 252##::a
228 464 568 464 568 590 228 590##::simple
595 468 1066 468 1066 575 595 575##::translate
230 619 372 619 372 670 230 670##::quickly
378 622 538 622 538 668 378 668##::translate
547 622 702 622 702 665 547 665##::selected
711 625 785 625 785 662 711 662##::text
792 627 843 627 843 663 792 663##::on
851 624 934 624 934 662 851 662##::web
940 631 1050 631 1050 670 940 670##::page.
234 672 269 672 269 710 234 710##::in
279 675 409 675 409 713 279 713##::toolbar
418 682 551 682 551 722 418 722##::popup,
560 679 637 679 637 718 560 718##::you
643 678 718 678 718 716 643 716##::can
724 673 888 673 888 721 724 721##::translate
895 670 992 670 992 718 895 718##::input
998 674 1080 674 1080 713 998 713##::text.