537 116 636 116 636 236 537 236 ##::a
625 217 758 217 758 358 625 358 ##::d
233 470 567 475 565 587 231 582 ##::simple
602 475 1064 471 1065 566 602 570 ##::translate
233 622 369 624 368 668 233 667 ##::quickly
545 623 702 623 702 661 545 661 ##::selected
853 625 928 625 928 662 853 662 ##::web
375 626 535 622 536 661 376 664 ##::translate
711 627 783 627 783 661 711 661 ##::text
940 630 1044 627 1045 668 941 671 ##::page
793 631 840 631 840 661 793 661 ##::on
276 671 410 673 409 711 275 709 ##::toolbar
723 672 885 673 884 711 723 709 ##::translate
893 673 990 675 989 717 893 715 ##::input
233 676 267 676 267 708 233 708 ##::in
998 676 1075 676 1075 710 998 710 ##::text
646 678 714 678 714 709 646 709 ##::can
420 678 551 680 551 719 419 717 ##::popup
562 682 633 679 635 714 564 718 ##::you
